1000
1099838983
2124384106
1282791906
132131456
468354715
1287343629
2057488823
2113122798
273668753
1032891134
572220045
367968651
1985776717
2046820565
124131837
955089851
133937547
1510286025
336973195
1970208436
463547457
1205884859
1503540322
1132757093
355811105
837213592
850854422
1731801540
1253931733
380019976
1154881950
206287068
356920434
290190208
338418524
825275149
1577533837
248423699
790914300
1851202590
1281314833
1363134345
71687594
1119607903
1262471262
195819431
2074697754
1396408809
1706105456
264187301
1219133598
22169265
1470072161
575190272
1154926359
1825883266
1412403865
2005780781
1410201158
518851950
238317109
417599460
725139018
595237543
707789668
1063557542
1420512692
137839858
1311981242
63943344
1989042448
445812427
1427077689
2060730042
1565420330
542065303
109065825
1492634437
1938474113
1815171281
1756821738
1010124063
1837340547
1079410251
1585314335
844783258
757809869
850234552
703080391
20527379
1369086502
941397500
438126839
2094225520
1536635043
1145916508
1010299415
809664087
1283756366
174797009
873607432
1125315166
620609436
153201473
1038561561
38546119
695266777
1147627386
1531180556
486257242
815315020
1140518646
1496381305
505171919
72445250
934211992
1349955177
830255119
1784446545
2053035568
850782499
1006049399
846949420
1288909338
952791272
236100815
287342198
1963090687
1045764902
1571098564
2137887696
1919372334
548930083
611013484
2072573808
1587491644
649559603
620356937
587635382
33256511
1106614179
1402950402
1173775158
455511836
1908122321
1246220408
1389723828
1110593850
2076475527
1026686725
1016145770
779774378
2032736125
1863095190
2068683717
838043749
2099196005
208542267
653650788
997477260
1779640832
644054836
769365946
181087267
1255068320
694456106
1768578911
1904627924
1314813043
208730645
1937884435
273943574
1611681048
964175945
729455410
1372319721
62912705
2119179239
335429924
2139388233
998382316
1351575694
771678963
883634793
1067187237
692879032
1721678542
1018899594
901421300
227845682
2016376854
533578484
871900518
638259153
714665751
2126968839
1332715259
335761014
1884113115
500044655
544491659
1674513902
773988229
8689059
491206200
1503443640
1381008781
554118905
1475139231
1716438705
546023490
326037899
920530751
1317702454
1209672693
1987717988
2010581486
783867587
859133935
764519138
1011713270
728027141
1298097622
1883613788
1366286294
2012763373
1863098979
551517906
201040739
1599728446
1051562561
745532399
1126758701
1825550790
754221458
1617964901
1181510782
2135230239
24600158
509166365
1704185296
570623649
835204265
477232400
1888326103
2044876958
317466740
1751423941
681260897
1176600675
368459432
1692974167
1904627817
1666557054
1429104308
1123430463
1531836780
1144719639
1674948369
1732877519
596964438
579027282
330926270
1723723139
257094425
1085147729
1194204392
1438605207
1072894320
1218804550
1947771573
629595969
1789428199
635492190
1106828369
1530270654
532885500
1424295109
1134210948
1214146397
453412137
1502670380
759636917
210556306
1021743786
41257577
1333986769
406096918
1185977216
861451491
2138974438
1782941654
1440478773
322417060
1359181145
1697573198
1407564789
405901889
988694758
332975462
1624706440
788982683
962571431
1266650991
1424474873
2069399800
649437998
1957360373
1346211261
1783648946
1024023122
1799623398
1138835678
1783660039
2010179704
13095816
1824917616
1196682826
419192735
863411185
2058134317
410683525
498869191
1351129442
733100585
1858050337
901218993
2140665375
116468578
1889913751
326157189
1741175018
531412786
1288728620
860342362
1955887659
1210644772
1509780360
1765764384
409372385
1145945658
642303858
61512136
137297688
278480250
2071691840
150393504
2103397866
1120891018
569586239
819325403
1031541687
980269764
1318194595
235187482
1713370350
1028761284
1136406475
1706552077
1145229862
878836578
2032709266
738921233
1410249364
1173954238
1599263595
1218653375
237115362
961560307
836934111
646487747
2107505965
1479237969
707999883
97320005
1757718219
632208076
247713509
1713632438
1753099094
817299749
385474193
637157134
1797569513
1703668788
872344616
1363456215
584946424
2008751091
922524644
1730176287
740104021
807750262
321613872
2869737
1981704500
1920877467
1221523112
71336214
734954126
2058457223
717823962
694976443
1390211544
1425823845
792296448
1000446116
2058031921
1040009957
566594906
1663647368
1857309706
952069099
153320854
1507395572
508254240
1025665470
723368139
1093200664
886932913
1645892784
675893303
1627036934
306159398
997507175
1629906671
140380251
770900994
703946135
211716465
1505855120
614919710
929540427
53347915
2005131254
207880625
845644363
858093722
118428898
1885654321
1424688628
1782076266
1595480379
229274080
1935397120
955392303
737528320
813578942
1678760443
1830728984
1700511855
1177169579
359138640
1180065141
1483328977
1356645815
662488164
1623709228
2127546810
1366434299
1835425694
1485918282
1981354009
617482473
1539266198
1839001616
825363098
237426913
549611690
943791997
2123081234
1974300319
578384615
1571077966
56090751
366298088
378986621
793619071
1179877030
2057747064
476864407
732905238
1087432995
836003047
1912970379
423278325
45165215
427974896
2046987553
25228377
1794409195
1734929599
1511146659
1628279557
204928425
902929209
1319797525
1030291523
1140356123
1869409215
1974083520
1115953709
1696225886
404984488
539548027
1752316637
771282576
918534649
398452060
1951159606
828798065
875316468
536581196
1916231061
1711319515
302067928
192025738
1756484730
730042824
91529643
1781713107
376968371
1826459243
1145376119
2005247928
2031387668
2048305328
1177561805
914195543
1041177803
899487373
740795416
9647865
448229611
1145779904
549195892
53062601
1917062480
1467730541
451514661
1720738438
149044959
1326831129
109835987
2065276020
890666997
411903915
109818110
499668079
1141946739
201347753
133897539
1518915110
2027806996
1279273658
1376679391
1911711016
1180095338
406757548
678422912
73789494
1306244921
1419218328
83437359
1754474533
417514584
632633251
1807537134
187093416
2100363793
111568147
1907831854
101925104
1438399277
2017667841
19717476
181582626
282088108
129535586
681250705
1424034847
330883339
815148244
795466310
211206688
2094421902
24662053
2122917704
1127033593
431419601
653856968
1200823087
1737664523
2073075296
1284260446
1344655408
343106232
1916893697
1004708894
530199648
1869773842
1116277041
290547855
1971698946
407192670
160732048
1991416422
588775296
442820157
2120952008
1270026002
1866855004
304351700
2085174246
514837666
515558388
2032112501
539499719
490992444
1011662446
970919321
1144849413
65001885
561100196
1070441061
1349262331
1905755604
1413547294
1118672380
762980850
1943746942
840962575
1879257891
86811149
665177873
138966914
247543198
509110648
727742210
690363355
482579008
1997768212
409734711
786930708
1935458811
924572378
1302489096
1820087664
1464072097
1793481541
684266462
287507770
790847306
749268347
848607966
1861288367
2098530678
606879922
1127352013
1069719410
1369860772
923615308
1910681985
1101635016
1010426457
428376211
1240601930
1257969655
937486859
1968344140
1948333010
1420065867
1818628705
210584074
59512928
1606603868
1135156452
1362002024
1279207884
451744901
1007999917
1963474346
739252672
1798847223
565259045
1587860638
1512651943
516306075
47256913
492520308
1586025485
1417117685
1416135616
1349223823
371269053
279078426
1777600034
1611870983
1537048081
567603245
1432731476
1337897444
1987669112
1103876533
1548481518
2047182040
562996753
536154322
1261700417
1842204637
987899223
122216686
1658195335
1727151895
1921063910
75970732
1167528886
1286232205
592276807
1214785799
1778752513
30818644
484419836
1047404482
1380042467
855688890
1326482908
1010158853
320076225
716047341
1577762098
1752807701
2053944785
1417947563
709200586
1454942655
1317645955
1272197339
1991096977
431862724
966918328
831512553
554079411
477630015
411180800
327659673
553600747
1578709686
1613891878
1145877554
646011837
1245160743
1176696199
1130431674
145081577
409255018
1986120564
1471564485
1419413872
158713141
40128179
849692322
1911520843
2094072964
120156237
473237781
1401531972
1437802193
1745435121
1245145301
1869664917
564869801
2076657854
276260680
1042499817
340355007
603920353
1596100564
1919064693
70328583
594494471
417592883
1315489327
1771190670
1548024557
1460570904
32962040
1386661473
784651742
1452375912
1545374614
824779921
154584587
1309411809
771369237
274740824
1782649591
25417561
1712543017
1380601064
1270562863
1434724287
1945470865
1199737069
1710984967
840487034
1540092076
167421673
289103951
1311673122
237750256
883598422
1729266005
1553239583
507305444
1129806914
866326840
540267484
368984739
1650978582
1992643397
1914359353
328274855
2147227984
1076287515
1099644092
274485160
711453458
1125061654
1987028178
2092054522
248140869
1274268817
1890041739
1447877938
837770136
583045126
840486367
1005191809
872149077
4675841
1242942066
1755747499
1733941846
648698001
115569295
716265112
1515024841
655836779
1085249851
1018519775
500996528
852125556
1346794630
500740864
1928413071
298955075
775226025
492382881
1424016729
614770555
436953755
1672157598
1889039372
179511847
972551888
579325860
762556973
1813038255
1584517670
1634706050
1817714096
679976088
1242969901
1404172294
1328674089
1358539196
2120437406
696215283
2014375975
1058203609
1714735058
367888856
1910329166
914046041
868629720
1691258589
1213001116
1643855745
36157823
489534197
111142652
473111578
14208147
2000182024
652623425
986760035
432024237
1415180398
652314643
2016541907
902402800
322545091
549034347
2145372701
1726717386
1877708436
1356428249
1699671144
426440071
1223320577
610391106
2141175130
1591209433
373236624
907737523
312355505
2064495213
2120738639
1956211251
2100653036
462789188
2067353903
426280967
476997335
1920052280
1078904392
1463757370
204592869
346601143
2116072013
73651128
1249003943
291133457
622685475
1246892997
2017850843
352910263
455837598
1570038339
779350335
1679158175
32945797
773041817
1122883960
406182421
1680779340
1435239466
323193987
1654034331
1243967069
276363375
2116823519
1163837324
702644342
446337206
936405956
1781548735
1910094576
1140998825
2128149878
1878682942
1214649953
1229670173
22332751
1837335428
329079522
2040183594
42762044
784917121
1462738285
822112379
316591648
1495684083
1595154196
1439475609
1901866504
1128449888
727231427
77576843
635000571
1971198496
353940219
604340442
987552172
1056584561
1050677648
1923958129
690649648
813288576
917473306
671315878
544487870
2132123260
1900986052
566820621
1821975040
82581926
459520567
1864737084