1000
2869737
4675841
8689059
9647865
13095816
14208147
19717476
20527379
22169265
22332751
24600158
24662053
25228377
25417561
30818644
32945797
32962040
33256511
36157823
38546119
40128179
41257577
42762044
45165215
47256913
53062601
53347915
56090751
59512928
61512136
62912705
63943344
65001885
70328583
71336214
71687594
72445250
73651128
73789494
75970732
77576843
82581926
83437359
86811149
91529643
97320005
101925104
109065825
109818110
109835987
111142652
111568147
115569295
116468578
118428898
120156237
122216686
124131837
129535586
132131456
133897539
133937547
137297688
137839858
138966914
140380251
145081577
149044959
150393504
153201473
153320854
154584587
158713141
160732048
167421673
174797009
179511847
181087267
181582626
187093416
192025738
195819431
201040739
201347753
204592869
204928425
206287068
207880625
208542267
208730645
210556306
210584074
211206688
211716465
227845682
229274080
235187482
236100815
237115362
237426913
237750256
238317109
247543198
247713509
248140869
248423699
257094425
264187301
273668753
273943574
274485160
274740824
276260680
276363375
278480250
279078426
282088108
287342198
287507770
289103951
290190208
290547855
291133457
298955075
302067928
304351700
306159398
312355505
316591648
317466740
320076225
321613872
322417060
322545091
323193987
326037899
326157189
327659673
328274855
329079522
330883339
330926270
332975462
335429924
335761014
336973195
338418524
340355007
343106232
346601143
352910263
353940219
355811105
356920434
359138640
366298088
367888856
367968651
368459432
368984739
371269053
373236624
376968371
378986621
380019976
385474193
398452060
404984488
405901889
406096918
406182421
406757548
407192670
409255018
409372385
409734711
410683525
411180800
411903915
417514584
417592883
417599460
419192735
423278325
426280967
426440071
427974896
428376211
431419601
431862724
432024237
436953755
438126839
442820157
445812427
446337206
448229611
451514661
451744901
453412137
455511836
455837598
459520567
462789188
463547457
468354715
473111578
473237781
476864407
476997335
477232400
477630015
482579008
484419836
486257242
489534197
490992444
491206200
492382881
492520308
498869191
499668079
500044655
500740864
500996528
505171919
507305444
508254240
509110648
509166365
514837666
515558388
516306075
518851950
530199648
531412786
532885500
533578484
536154322
536581196
539499719
539548027
540267484
542065303
544487870
544491659
546023490
548930083
549034347
549195892
549611690
551517906
553600747
554079411
554118905
561100196
562996753
564869801
565259045
566594906
566820621
567603245
569586239
570623649
572220045
575190272
578384615
579027282
579325860
583045126
584946424
587635382
588775296
592276807
594494471
595237543
596964438
603920353
604340442
606879922
610391106
611013484
614770555
614919710
617482473
620356937
620609436
622685475
629595969
632208076
632633251
635000571
635492190
637157134
638259153
642303858
644054836
646011837
646487747
648698001
649437998
649559603
652314643
652623425
653650788
653856968
655836779
662488164
665177873
671315878
675893303
678422912
679976088
681250705
681260897
684266462
690363355
690649648
692879032
694456106
694976443
695266777
696215283
702644342
703080391
703946135
707789668
707999883
709200586
711453458
714665751
716047341
716265112
717823962
723368139
725139018
727231427
727742210
728027141
729455410
730042824
732905238
733100585
734954126
737528320
738921233
739252672
740104021
740795416
745532399
749268347
754221458
757809869
759636917
762556973
762980850
764519138
769365946
770900994
771282576
771369237
771678963
773041817
773988229
775226025
779350335
779774378
783867587
784651742
784917121
786930708
788982683
790847306
790914300
792296448
793619071
795466310
807750262
809664087
813288576
813578942
815148244
815315020
817299749
819325403
822112379
824779921
825275149
825363098
828798065
830255119
831512553
835204265
836003047
836934111
837213592
837770136
838043749
840486367
840487034
840962575
844783258
845644363
846949420
848607966
849692322
850234552
850782499
850854422
852125556
855688890
858093722
859133935
860342362
861451491
863411185
866326840
868629720
871900518
872149077
872344616
873607432
875316468
878836578
883598422
883634793
886932913
890666997
899487373
901218993
901421300
902402800
902929209
907737523
914046041
914195543
917473306
918534649
920530751
922524644
923615308
924572378
929540427
934211992
936405956
937486859
941397500
943791997
952069099
952791272
955089851
955392303
961560307
962571431
964175945
966918328
970919321
972551888
980269764
986760035
987552172
987899223
988694758
997477260
997507175
998382316
1000446116
1004708894
1005191809
1006049399
1007999917
1010124063
1010158853
1010299415
1010426457
1011662446
1011713270
1016145770
1018519775
1018899594
1021743786
1024023122
1025665470
1026686725
1028761284
1030291523
1031541687
1032891134
1038561561
1040009957
1041177803
1042499817
1045764902
1047404482
1050677648
1051562561
1056584561
1058203609
1063557542
1067187237
1069719410
1070441061
1072894320
1076287515
1078904392
1079410251
1085147729
1085249851
1087432995
1093200664
1099644092
1099838983
1101635016
1103876533
1106614179
1106828369
1110593850
1115953709
1116277041
1118672380
1119607903
1120891018
1122883960
1123430463
1125061654
1125315166
1126758701
1127033593
1127352013
1128449888
1129806914
1130431674
1132757093
1134210948
1135156452
1136406475
1138835678
1140356123
1140518646
1140998825
1141946739
1144719639
1144849413
1145229862
1145376119
1145779904
1145877554
1145916508
1145945658
1147627386
1154881950
1154926359
1163837324
1167528886
1173775158
1173954238
1176600675
1176696199
1177169579
1177561805
1179877030
1180065141
1180095338
1181510782
1185977216
1194204392
1196682826
1199737069
1200823087
1205884859
1209672693
1210644772
1213001116
1214146397
1214649953
1214785799
1218653375
1218804550
1219133598
1221523112
1223320577
1229670173
1240601930
1242942066
1242969901
1243967069
1245145301
1245160743
1246220408
1246892997
1249003943
1253931733
1255068320
1257969655
1261700417
1262471262
1266650991
1270026002
1270562863
1272197339
1274268817
1279207884
1279273658
1281314833
1282791906
1283756366
1284260446
1286232205
1287343629
1288728620
1288909338
1298097622
1302489096
1306244921
1309411809
1311673122
1311981242
1314813043
1315489327
1317645955
1317702454
1318194595
1319797525
1326482908
1326831129
1328674089
1332715259
1333986769
1337897444
1344655408
1346211261
1346794630
1349223823
1349262331
1349955177
1351129442
1351575694
1356428249
1356645815
1358539196
1359181145
1362002024
1363134345
1363456215
1366286294
1366434299
1369086502
1369860772
1372319721
1376679391
1380042467
1380601064
1381008781
1386661473
1389723828
1390211544
1396408809
1401531972
1402950402
1404172294
1407564789
1410201158
1410249364
1412403865
1413547294
1415180398
1416135616
1417117685
1417947563
1419218328
1419413872
1420065867
1420512692
1424016729
1424034847
1424295109
1424474873
1424688628
1425823845
1427077689
1429104308
1432731476
1434724287
1435239466
1437802193
1438399277
1438605207
1439475609
1440478773
1447877938
1452375912
1454942655
1460570904
1462738285
1463757370
1464072097
1467730541
1470072161
1471564485
1475139231
1479237969
1483328977
1485918282
1492634437
1495684083
1496381305
1502670380
1503443640
1503540322
1505855120
1507395572
1509780360
1510286025
1511146659
1512651943
1515024841
1518915110
1530270654
1531180556
1531836780
1536635043
1537048081
1539266198
1540092076
1545374614
1548024557
1548481518
1553239583
1565420330
1570038339
1571077966
1571098564
1577533837
1577762098
1578709686
1584517670
1585314335
1586025485
1587491644
1587860638
1591209433
1595154196
1595480379
1596100564
1599263595
1599728446
1606603868
1611681048
1611870983
1613891878
1617964901
1623709228
1624706440
1627036934
1628279557
1629906671
1634706050
1643855745
1645892784
1650978582
1654034331
1658195335
1663647368
1666557054
1672157598
1674513902
1674948369
1678760443
1679158175
1680779340
1691258589
1692974167
1696225886
1697573198
1699671144
1700511855
1703668788
1704185296
1706105456
1706552077
1710984967
1711319515
1712543017
1713370350
1713632438
1714735058
1716438705
1720738438
1721678542
1723723139
1726717386
1727151895
1729266005
1730176287
1731801540
1732877519
1733941846
1734929599
1737664523
1741175018
1745435121
1751423941
1752316637
1752807701
1753099094
1754474533
1755747499
1756484730
1756821738
1757718219
1765764384
1768578911
1771190670
1777600034
1778752513
1779640832
1781548735
1781713107
1782076266
1782649591
1782941654
1783648946
1783660039
1784446545
1789428199
1793481541
1794409195
1797569513
1798847223
1799623398
1807537134
1813038255
1815171281
1817714096
1818628705
1820087664
1821975040
1824917616
1825550790
1825883266
1826459243
1830728984
1835425694
1837335428
1837340547
1839001616
1842204637
1851202590
1857309706
1858050337
1861288367
1863095190
1863098979
1864737084
1866855004
1869409215
1869664917
1869773842
1877708436
1878682942
1879257891
1883613788
1884113115
1885654321
1888326103
1889039372
1889913751
1890041739
1900986052
1901866504
1904627817
1904627924
1905755604
1907831854
1908122321
1910094576
1910329166
1910681985
1911520843
1911711016
1912970379
1914359353
1916231061
1916893697
1917062480
1919064693
1919372334
1920052280
1920877467
1921063910
1923958129
1928413071
1935397120
1935458811
1937884435
1938474113
1943746942
1945470865
1947771573
1948333010
1951159606
1955887659
1956211251
1957360373
1963090687
1963474346
1968344140
1970208436
1971198496
1971698946
1974083520
1974300319
1981354009
1981704500
1985776717
1986120564
1987028178
1987669112
1987717988
1989042448
1991096977
1991416422
1992643397
1997768212
2000182024
2005131254
2005247928
2005780781
2008751091
2010179704
2010581486
2012763373
2014375975
2016376854
2016541907
2017667841
2017850843
2027806996
2031387668
2032112501
2032709266
2032736125
2040183594
2044876958
2046820565
2046987553
2047182040
2048305328
2053035568
2053944785
2057488823
2057747064
2058031921
2058134317
2058457223
2060730042
2064495213
2065276020
2067353903
2068683717
2069399800
2071691840
2072573808
2073075296
2074697754
2076475527
2076657854
2085174246
2092054522
2094072964
2094225520
2094421902
2098530678
2099196005
2100363793
2100653036
2103397866
2107505965
2113122798
2116072013
2116823519
2119179239
2120437406
2120738639
2120952008
2122917704
2123081234
2124384106
2126968839
2127546810
2128149878
2132123260
2135230239
2137887696
2138974438
2139388233
2140665375
2141175130
2145372701
2147227984